N_customers <- 100
customer_idxs <- 
c(25, 88, 61, 86, 63, 55, 91, 49, 72, 28, 39, 20, 3, 45, 74, 91, 87, 54, 56, 44, 30, 78, 63, 55, 72, 11,
44, 26, 31, 67, 42, 96, 70, 62, 53, 35, 9, 36, 97, 78, 77, 41, 20, 87, 3, 72, 82, 23, 6, 4, 44, 15, 26, 95, 47, 69, 31, 45,
67, 96, 89, 30, 40, 5, 93, 29, 62, 53, 35, 2, 59, 9, 79, 12, 36, 86, 77, 41, 51, 74, 63, 27, 20, 55, 91, 87, 100, 48, 80,
3, 38, 72, 54, 11, 43, 21, 56, 75, 64, 23, 67, 83, 80, 45, 58, 63, 45, 77, 80, 3, 11, 45, 30, 23, 32, 45, 30, 70, 61, 53,
74, 20, 87, 3, 7, 11, 94, 78, 45, 67, 35, 9, 78, 63, 20, 3, 23, 2, 9, 63, 71, 18, 23, 4, 42, 99, 87, 76, 60, 28, 45, 30,
70, 61, 9, 58, 22, 52, 10, 41, 63, 87, 18, 11, 23, 3, 28, 26, 47, 67, 30, 40, 93, 29, 52, 10, 77, 41, 20, 3, 72, 56, 75,
23, 46, 44, 26, 45, 96, 61, 35, 9, 78, 51, 24, 20, 3, 65, 7, 11, 39, 77, 3, 39, 35, 3, 98, 39, 38, 23, 26, 32, 30, 20, 100,
81, 7, 35, 44, 26, 69, 45, 89, 96, 30, 40, 93, 39, 53, 35, 9, 58, 78, 77, 51, 63, 91, 87, 18, 80, 81, 3, 65, 82, 54, 11,
56, 23, 31, 25, 70, 29, 12, 78, 41, 71, 87, 80, 3, 75, 3, 72, 56, 28, 1, 44, 26, 32, 37, 66, 45, 67, 25, 30, 40, 39, 88,
61, 62, 9, 58, 12, 22, 8, 52, 36, 90, 97, 77, 51, 74, 63, 27, 24, 73, 20, 71, 91, 87, 18, 49, 81, 65, 82, 54, 11, 75, 60,
23, 28, 45, 25, 30, 40, 61, 62, 79, 22, 36, 77, 51, 63, 3, 72, 7, 75, 85, 23, 44, 25, 30, 39, 58, 51, 20, 72, 82, 7, 28,
34, 46, 26, 32, 95, 69, 45, 67, 25, 89, 30, 70, 93, 33, 29, 39, 61, 62, 35, 2, 59, 9, 58, 12, 36, 97, 41, 51, 74, 63, 27,
24, 20, 55, 14, 87, 100, 18, 80, 81, 3, 72, 82, 54, 11, 43, 56, 64, 23, 28, 6, 84, 44, 32, 37, 69, 31, 96, 30, 40, 70, 93,
29, 39, 61, 53, 35, 9, 79, 97, 78, 41, 51, 74, 27, 55, 14, 87, 100, 49, 80, 81, 3, 38, 72, 82, 11, 75, 23, 28, 37, 47, 45,
94, 30, 40, 70, 88, 61, 9, 8, 77, 51, 63, 24, 20, 71, 55, 49, 3, 65, 82, 85, 60, 23, 30, 24, 23, 18, 39, 62, 59, 9, 36, 77,
63, 3, 50, 43, 28, 34, 95, 45, 58, 78, 77, 51, 63, 87, 65, 38, 23, 78, 41, 72, 23, 35, 3, 23, 30, 71, 4, 94, 62, 79, 71,
100, 72, 4, 44, 45, 94, 30, 70, 88, 62, 35, 9, 79, 83, 51, 63, 71, 87, 18, 81, 65, 72, 23, 23, 31, 67, 96, 30, 35, 13, 59,
9, 22, 83, 36, 78, 77, 41, 27, 87, 80, 3, 72, 7, 11, 43, 35, 20, 11, 66, 45, 39, 62, 36, 77, 63, 71, 76, 7, 56, 60, 26, 45,
70, 88, 9, 78, 77, 24, 20, 91, 100, 80, 3, 72, 7, 43, 33, 78, 21, 70, 39, 4, 69, 94, 67, 89, 5, 29, 88, 77, 51, 63, 87, 11,
23, 44, 95, 42, 9, 22, 27, 55, 80, 81, 72, 68, 7, 21, 44, 61, 22, 55, 87, 3, 23, 25, 35, 78, 44, 26, 32, 29, 61, 36, 77,
51, 63, 20, 3, 82, 11, 56, 23, 34, 44, 26, 32, 69, 17, 45, 25, 96, 93, 62, 35, 9, 12, 36, 78, 77, 41, 74, 63, 27, 55, 14,
91, 87, 49, 81, 72, 68, 23, 28, 84, 44, 26, 32, 45, 53, 35, 12, 52, 36, 51, 63, 27, 20, 100, 3, 23, 4, 44, 47, 69, 31, 45,
94, 67, 30, 40, 70, 5, 93, 29, 61, 62, 53, 9, 12, 36, 77, 41, 51, 63, 27, 71, 91, 87, 18, 49, 80, 3, 56, 75, 1, 45, 94, 70,
40, 62, 9, 58, 79, 86, 77, 51, 63, 81, 75, 64, 23, 28, 84, 4, 44, 37, 45, 67, 25, 30, 62, 53, 35, 9, 58, 36, 97, 77, 63,
27, 73, 20, 71, 91, 87, 18, 80, 81, 3, 65, 82, 75, 64, 60, 23, 28, 4, 34, 44, 37, 47, 31, 25, 30, 70, 88, 61, 53, 35, 2,
79, 22, 83, 99, 36, 86, 78, 41, 51, 74, 24, 71, 55, 91, 87, 100, 49, 80, 3, 65, 72, 82, 11, 56, 75, 98, 60, 23, 94, 32, 39,
28, 84, 1, 32, 69, 45, 67, 25, 40, 39, 88, 61, 62, 35, 2, 9, 58, 12, 52, 36, 77, 74, 63, 27, 57, 71, 91, 87, 100, 81, 3,
65, 72, 82, 56, 75, 23, 28, 84, 44, 26, 89, 30, 40, 35, 12, 78, 77, 51, 80, 3, 82, 23, 28, 84, 4, 34, 45, 67, 25, 89, 40,
88, 62, 35, 9, 58, 12, 52, 36, 77, 63, 71, 55, 91, 18, 80, 3, 82, 54, 50, 75, 44, 32, 69, 96, 33, 61, 53, 12, 22, 83, 78,
55, 87, 80, 72, 11, 21, 23, 94, 39, 35, 55, 72, 11, 44, 30, 22, 30, 20, 100, 7, 1, 31, 17, 45, 61, 62, 12, 41, 51, 63, 71,
56, 23, 69, 30, 29, 62, 35, 59, 9, 12, 51, 74, 24, 55, 80, 3, 72, 31, 45, 25, 89, 30, 40, 5, 93, 61, 62, 53, 9, 12, 22, 86,
97, 77, 51, 27, 55, 87, 18, 49, 3, 38, 72, 11, 43, 21, 75, 23, 23, 44, 95, 70, 93, 39, 13, 41, 74, 27, 87, 49, 72, 82, 64,
23, 14, 43, 23, 59, 28, 1, 26, 45, 2, 22, 77, 74, 27, 55, 23, 72, 38, 45, 93, 85, 23, 24, 49, 3, 11, 75, 39, 61, 35, 58,
52, 77, 63, 14, 3, 11, 23, 1, 4, 45, 94, 40, 88, 62, 51, 71, 56, 6, 28, 44, 26, 32, 69, 25, 96, 33, 61, 53, 58, 12, 36, 78,
41, 63, 55, 14, 87, 80, 72, 45, 25, 62, 9, 58, 12, 97, 51, 74, 27, 55, 87, 18, 81, 72, 56, 75, 60, 23, 45, 25, 30, 16, 9,
58, 12, 27, 55, 43, 85, 23, 78, 21, 4, 20, 98, 23, 45, 97, 18, 49, 65, 60, 23, 3, 44, 45, 67, 25, 39, 62, 35, 78, 77, 51,
63, 20, 71, 87, 100, 76, 3, 72, 11, 56, 23, 1, 66, 45, 25, 30, 62, 9, 73, 55, 91, 49, 72, 56, 60, 62, 77, 51, 63, 49, 3,
56, 28, 46, 44, 26, 32, 37, 95, 47, 31, 45, 67, 25, 30, 40, 70, 93, 29, 39, 62, 53, 35, 2, 59, 9, 58, 79, 12, 52, 36, 90,
78, 77, 51, 74, 63, 27, 20, 55, 14, 87, 100, 76, 18, 49, 80, 81, 3, 65, 38, 72, 82, 68, 7, 54, 11, 21, 56, 64, 60, 23, 4,
45, 27, 56, 28, 26, 32, 45, 94, 67, 25, 70, 29, 39, 62, 35, 59, 9, 12, 36, 77, 51, 74, 63, 27, 71, 55, 14, 87, 100, 80, 81,
3, 11, 43, 56, 75, 23, 6, 1, 31, 66, 45, 25, 30, 40, 5, 93, 62, 58, 79, 12, 8, 77, 27, 55, 91, 18, 49, 48, 81, 72, 56, 75,
60, 28, 84, 34, 44, 26, 31, 45, 67, 25, 96, 30, 40, 70, 93, 33, 29, 61, 62, 59, 9, 79, 12, 83, 52, 36, 92, 78, 41, 63, 27,
24, 20, 87, 100, 18, 49, 81, 3, 72, 11, 75, 23, 94, 70, 4, 44, 45, 40, 88, 62, 9, 58, 74, 63, 73, 20, 81, 65, 82, 85, 23,
61, 78, 44, 45, 94, 67, 62, 2, 58, 77, 63, 24, 71, 18, 76, 38, 23, 26, 24, 20, 4, 94, 25, 40, 35, 9, 12, 27, 87, 72, 50,
69, 35, 36, 78, 80, 3, 75, 78, 77, 55, 3, 11, 25, 35, 9, 58, 36, 20, 23, 28, 26, 32, 45, 67, 61, 53, 35, 36, 77, 51, 63,
27, 24, 20, 87, 100, 80, 3, 82, 7, 11, 23, 61, 22, 36, 77, 63, 20, 55, 56, 23, 1, 15, 74, 72, 23, 30, 35, 78, 77, 27, 87,
80, 72, 32, 70, 9, 58, 36, 78, 77, 20, 55, 3, 39, 3, 23, 28, 84, 4, 46, 44, 15, 26, 32, 31, 66, 17, 45, 94, 67, 25, 96, 89,
30, 40, 29, 39, 88, 61, 62, 35, 59, 9, 58, 79, 12, 22, 8, 52, 36, 10, 97, 77, 41, 51, 74, 63, 27, 73, 20, 71, 55, 91, 87,
100, 18, 49, 48, 80, 81, 3, 65, 38, 72, 7, 54, 11, 50, 56, 75, 64, 60, 23, 39, 23, 1, 45, 25, 74, 63, 27, 23, 78, 77, 51,
72, 6, 28, 34, 44, 26, 32, 69, 31, 45, 67, 25, 96, 30, 40, 70, 93, 61, 62, 53, 35, 79, 12, 22, 83, 99, 36, 86, 97, 78, 77,
51, 74, 63, 27, 24, 20, 71, 55, 14, 87, 100, 49, 80, 3, 72, 82, 7, 11, 43, 56, 75, 60, 23, 78, 26, 30, 12, 36, 57, 71, 81,
3, 78, 26, 39, 53, 35, 92, 78, 51, 3, 82, 72, 7, 11, 79, 12, 36, 78, 26, 30, 39, 9, 78, 24, 20, 65, 72, 7, 23, 69, 22, 3,
75, 23, 55, 87, 6, 44, 26, 45, 67, 70, 35, 9, 12, 83, 36, 77, 41, 51, 63, 27, 24, 20, 87, 100, 80, 3, 7, 82, 64, 23, 45,
62, 22, 20, 71, 91, 87, 72, 85, 35, 22, 87, 99, 36, 51, 63, 20, 3, 72, 23, 23, 77, 24, 3, 28, 35, 97, 20, 3, 72, 15, 17,
35, 27, 71, 76, 55, 75, 89, 30, 62, 35, 36, 51, 20, 3, 75, 26, 32, 69, 45, 93, 53, 35, 36, 92, 78, 77, 51, 63, 20, 87, 18,
80, 81, 3, 72, 82, 7, 11, 75, 39, 58, 77, 20, 3, 29, 26, 32, 31, 67, 25, 89, 35, 9, 12, 8, 99, 36, 92, 78, 77, 51, 20, 100,
3, 72, 11, 75, 64, 23, 28, 84, 44, 26, 31, 67, 96, 30, 40, 70, 29, 62, 53, 35, 22, 8, 36, 97, 78, 77, 51, 63, 20, 71, 55,
91, 87, 100, 49, 80, 3, 72, 82, 7, 56, 85, 23, 44, 45, 30, 97, 78, 51, 20, 80, 3, 72, 11, 94, 51, 23, 30, 61, 14, 28, 4,
66, 45, 25, 30, 40, 88, 62, 77, 51, 63, 73, 18, 49, 65, 23, 90, 60, 23, 67, 35, 9, 92, 10, 78, 77, 87, 80, 81, 3, 72, 7,
75, 78, 55, 72, 1, 94, 70, 88, 62, 71, 76, 56, 23, 45, 70, 62, 35, 71, 76, 44, 26, 31, 96, 29, 53, 35, 36, 92, 78, 51, 55,
100, 80, 72, 82, 11, 75, 35, 20, 11, 32, 89, 9, 20, 3, 82, 7, 94, 30, 74, 63, 20, 100, 7, 28, 4, 44, 15, 37, 32, 69, 31,
17, 45, 67, 25, 96, 30, 70, 5, 93, 29, 39, 62, 35, 13, 2, 59, 9, 58, 12, 22, 36, 90, 78, 77, 41, 51, 63, 27, 55, 91, 87,
49, 80, 3, 38, 82, 72, 11, 21, 56, 75, 85, 64, 60, 23, 40, 61, 53, 36, 97, 41, 51, 80, 3, 72, 75, 23, 44, 31, 94, 30, 40,
70, 39, 88, 53, 63, 20, 71, 7, 43, 23, 28, 84, 1, 4, 37, 45, 25, 40, 39, 88, 62, 35, 9, 58, 22, 36, 97, 77, 51, 74, 63, 71,
55, 91, 80, 81, 65, 82, 50, 64, 60, 23, 26, 31, 45, 94, 25, 35, 9, 58, 92, 78, 77, 51, 63, 20, 71, 80, 3, 72, 7, 75, 64,
